20 140
1 12 2188
1 16 939
1 9 1038
1 4 2027
1 11 2122
2 8 1986
3 2 445
3 6 200
4 15 1401
4 9 1530
4 8 2311
4 6 1072
4 18 1628
4 17 989
4 10 2457
4 16 2130
5 4 2202
5 12 1953
5 16 2173
5 1 1333
5 6 1552
6 3 1198
6 17 1096
6 18 2353
6 5 1515
7 14 356
8 15 860
8 16 2290
8 6 1917
8 7 1688
9 3 111
9 14 2352
9 18 1007
9 1 1685
9 12 1078
9 2 1924
9 11 1910
9 6 1991
9 16 983
9 9 1036
9 8 1134
9 4 2175
10 5 211
10 9 2052
10 18 16
10 1 1803
10 3 1921
10 16 330
10 2 1368
10 7 2345
10 15 1606
10 12 2110
11 1 216
11 13 1845
11 12 1190
11 14 495
11 16 42
11 15 1758
11 3 447
11 9 559
11 7 708
11 8 1932
11 2 2496
11 5 1719
12 4 786
12 17 2145
12 13 912
12 11 395
12 10 457
13 14 2425
13 1 999
13 2 1478
13 5 673
13 9 377
13 7 2033
13 4 2361
14 12 1670
14 9 1028
14 4 459
14 2 903
14 5 2367
14 8 544
14 17 97
14 18 2279
14 14 487
15 2 19
16 1 1815
16 8 2205
16 12 1213
16 4 639
16 9 1254
16 15 1680
16 18 1125
16 3 2134
16 17 2281
16 7 905
16 2 1794
17 7 1611
17 1 442
17 11 1900
17 8 2195
17 16 2389
17 18 1844
17 14 1933
17 17 1084
17 12 1326
17 10 1602
17 3 686
18 14 1071
18 10 23
18 4 1378
18 9 553
18 5 1508
18 16 1099
18 11 2165
18 15 1608
0 1 1800
0 2 709
0 3 1871
0 4 520
0 5 1206
0 6 531
0 7 1805
0 8 996
0 9 1926
0 10 2490
0 11 2167
0 12 1867
1 19 726
2 19 1889
3 19 325
4 19 955
5 19 2272
6 19 2230
7 19 616
8 19 1442
9 19 1237
10 19 1211
11 19 1393
12 19 179
