19 110
1 15 1769
1 3 1977
1 8 2139
1 14 1542
1 16 2068
1 11 2037
1 7 888
1 12 1700
1 10 1047
1 9 1364
1 4 1664
2 17 1691
2 4 1668
3 10 55
3 5 2453
3 6 536
3 11 2104
3 1 629
3 14 1886
3 8 2343
4 6 1200
5 9 2089
5 13 1765
5 12 294
6 2 1562
6 15 1549
6 1 1691
6 7 2268
6 8 1573
6 3 1685
6 16 535
6 11 244
6 4 339
6 9 1217
6 10 1359
6 12 2466
7 9 1514
8 11 51
8 16 753
8 5 338
8 17 1034
9 11 224
9 13 626
9 10 2313
9 16 2245
9 14 1084
9 1 225
9 17 706
9 2 2261
9 15 2232
10 16 2438
10 17 243
10 6 677
10 2 492
10 11 1399
10 15 1798
10 10 188
10 4 573
11 7 853
11 1 1273
11 9 1592
11 14 397
11 13 2294
11 8 1807
11 16 1813
11 10 335
11 17 2005
12 15 1470
12 10 1402
12 17 1657
12 13 1854
12 14 1037
12 7 1013
12 1 1695
12 3 917
12 2 370
12 6 1739
13 4 1254
13 11 2386
13 6 1824
13 15 1063
13 5 2391
13 3 2486
14 5 3
14 16 2223
14 8 881
14 10 718
14 7 604
15 13 2342
15 11 37
15 3 1303
15 12 867
16 1 1929
17 8 649
17 11 46
17 16 988
0 1 125
0 2 2062
0 3 597
0 4 2357
1 18 1315
2 18 505
3 18 2173
4 18 1254
5 18 1808
6 18 866
7 18 2154
8 18 697
9 18 2164
10 18 2309
