13 80
1 9 97
1 10 194
2 6 1116
2 11 1578
2 10 959
2 9 723
2 3 878
2 1 1177
2 7 1743
2 8 2485
2 4 2082
2 5 3
2 2 443
3 1 2493
3 6 178
3 3 2222
4 8 2367
4 11 852
4 10 1494
4 7 930
4 6 2091
5 2 338
5 10 1113
5 4 1188
5 1 481
5 5 626
5 11 2080
5 8 2253
5 9 919
5 6 205
6 9 1038
6 5 1002
6 10 345
6 7 774
6 1 548
6 11 2484
6 6 1922
6 8 496
6 3 360
6 2 88
6 4 1599
7 9 1451
7 10 2218
7 6 2279
7 5 1656
7 1 1336
8 4 1103
8 1 2206
9 1 1685
9 2 1035
9 3 2420
9 11 282
9 5 559
9 6 2410
9 8 2150
9 9 193
10 5 515
10 9 1208
10 6 248
10 7 1621
11 4 2417
11 8 1740
11 1 895
11 7 187
11 2 655
11 6 2271
11 9 913
0 1 1972
0 2 1254
0 3 48
0 4 814
0 5 2435
0 6 1317
0 7 1402
0 8 527
1 12 1014
2 12 841
3 12 67
4 12 856
5 12 2416
