27 279
1 10 3662
1 6 3067
1 15 110
1 1 3469
1 20 1000
1 24 4317
2 8 2190
2 15 3295
2 16 4200
2 1 1053
2 21 4465
2 6 3701
2 12 4055
3 10 4342
3 20 2844
4 13 171
4 16 4184
4 21 4191
4 25 949
5 16 490
6 14 4122
6 11 962
6 17 75
6 9 2750
6 5 2119
6 16 3324
6 7 2097
6 23 1307
6 22 1988
6 21 2837
6 25 2751
6 13 2464
6 15 2247
6 8 1529
6 24 4089
6 3 287
6 19 2883
6 1 1279
6 2 1902
7 10 4782
7 19 400
7 8 3514
7 22 306
7 24 690
8 4 3422
8 23 343
8 5 2752
9 23 1986
9 8 3683
9 4 2458
9 11 4932
9 25 1190
9 10 2319
9 1 2966
10 25 2723
10 3 47
10 5 3903
10 13 3925
10 9 1861
10 24 2576
10 15 4625
10 11 2138
10 22 293
10 17 1056
10 6 1425
10 20 2574
10 12 4546
10 23 114
10 19 1028
10 4 1250
10 1 3382
10 7 3044
10 8 294
10 2 3651
10 14 3952
10 16 1793
10 10 1533
11 20 3873
11 16 1065
11 7 1481
11 23 4176
11 24 1862
11 4 4723
11 18 2033
11 21 4473
11 5 1571
11 12 776
11 1 4230
11 2 2085
11 25 340
11 9 1745
11 3 4268
11 10 3421
11 17 4564
11 8 456
11 22 11
12 2 3649
12 24 692
12 9 416
12 20 2234
12 4 2971
12 21 2855
13 3 1227
13 23 4710
13 20 1727
13 21 4488
13 19 4052
13 25 3274
13 9 1242
14 20 4520
14 11 1521
14 2 1784
14 25 4643
14 18 3947
14 19 577
14 21 483
14 6 3385
14 1 1482
14 10 599
14 12 4637
14 23 3889
14 7 4206
14 15 4576
14 24 1609
14 5 482
14 3 2995
14 16 3119
14 17 2337
14 13 2021
14 9 3445
14 8 1554
14 22 1482
15 24 4386
15 18 2677
15 2 1201
15 8 1411
15 5 391
15 9 667
15 25 4012
15 19 1603
15 3 1314
16 20 3823
16 1 1568
16 6 1869
16 17 1042
16 12 2293
16 15 721
16 13 330
16 7 4080
16 24 3022
16 8 3512
17 20 2730
17 1 72
18 25 4166
18 20 4102
18 11 2225
18 21 1702
18 7 3994
18 15 1395
18 9 3015
18 2 515
18 22 576
18 8 672
18 23 2475
18 17 550
18 14 3958
18 24 736
18 4 134
18 6 2064
19 7 2578
19 14 1554
19 1 2139
19 21 4099
19 8 3200
19 22 241
19 24 4946
20 23 3390
20 2 2240
20 19 1192
20 24 1892
20 5 3177
20 25 1610
20 15 1524
20 17 4169
20 12 447
20 13 3373
20 16 969
20 7 1948
20 11 925
20 14 2659
20 21 219
20 8 4397
20 22 1416
21 19 3156
21 11 990
21 12 3883
21 25 561
21 23 110
21 1 1143
21 24 4567
21 4 1498
21 2 1729
21 18 3297
21 3 1864
21 9 82
21 6 2983
21 7 3394
21 17 83
21 20 3681
21 22 2309
22 25 3806
22 23 2255
22 10 4941
22 24 1213
22 12 675
22 5 1380
22 7 189
22 13 2826
22 6 446
22 17 1812
22 9 3534
22 16 3675
22 1 550
22 15 3274
22 14 156
22 19 2415
22 8 2121
22 20 3253
22 3 2745
22 4 281
22 22 2045
23 24 4251
23 22 4050
23 9 4668
23 25 4228
24 9 4299
24 22 1561
24 13 2390
24 2 1418
24 23 186
24 5 4027
24 10 3756
24 8 1442
24 6 4328
24 19 4979
24 12 1642
24 11 3068
24 16 1377
25 19 4147
25 12 4781
25 3 4088
25 16 2033
25 20 2432
25 14 916
25 4 665
25 18 1468
0 1 623
0 2 3811
0 3 1662
0 4 4186
0 5 452
0 6 1697
0 7 2253
0 8 4339
0 9 4644
0 10 3920
1 26 1333
2 26 3515
3 26 1214
4 26 1394
5 26 3296
6 26 4491
7 26 1833
8 26 4286
9 26 2875
10 26 1679
11 26 3069
12 26 4464
13 26 2976
