31 291
1 17 2474
1 13 4129
1 18 393
2 14 1642
2 29 4384
3 18 710
3 23 2345
4 27 4088
4 21 3885
4 19 2652
5 25 2386
5 13 4745
5 8 2933
5 23 1487
5 18 57
5 7 781
6 8 2147
6 26 1699
6 17 646
6 9 1288
6 16 4789
6 18 613
6 11 1922
6 13 2530
6 23 2830
6 24 2386
6 21 2834
6 7 2948
6 19 2974
6 20 4305
6 22 2529
6 29 1682
6 12 2867
7 27 1548
7 22 426
7 12 2002
7 5 1766
7 26 3472
7 25 708
7 9 2366
7 16 4885
7 18 4381
7 2 3838
7 15 4758
7 6 3325
8 27 4278
8 17 4257
8 11 3367
8 1 2123
8 5 1306
8 18 3714
8 2 4416
8 19 4953
8 4 3921
8 7 4181
9 19 3625
9 13 2677
9 14 283
9 29 1837
9 5 4952
9 2 433
9 1 2150
9 23 2841
9 10 2299
9 25 4967
9 16 4214
9 27 759
9 28 3139
9 17 1385
9 24 3233
9 3 2982
9 26 563
9 11 3160
9 20 2523
9 12 1395
9 15 1883
9 4 4811
10 13 2547
10 9 18
10 23 649
10 7 941
10 26 1798
10 4 2802
10 18 1589
10 16 1373
11 13 1231
11 6 1787
12 8 4114
12 7 4820
12 10 1348
12 29 3819
12 24 3010
13 28 970
13 5 498
14 2 2296
14 10 1552
14 28 3312
14 6 35
14 12 524
14 27 608
14 17 2775
14 4 1811
14 24 3970
14 23 4140
14 29 1901
14 18 4306
14 16 1717
14 7 840
14 25 1080
14 5 4212
14 3 3893
14 8 689
14 19 3974
14 21 4014
15 29 3251
15 24 3434
15 13 3925
15 2 543
15 11 47
15 26 52
15 9 3670
15 8 1128
15 22 4432
15 12 4766
15 27 90
16 12 813
16 24 812
16 26 4416
16 3 230
16 23 2955
16 27 1931
16 2 1486
16 1 3965
16 29 2686
16 5 2137
16 14 1933
16 11 4906
16 28 4218
16 8 861
16 18 150
16 25 3191
16 21 2458
16 17 3478
16 7 2147
16 13 3344
16 9 1698
16 10 3677
17 12 2782
17 2 141
17 22 4766
17 11 1578
18 9 1606
18 16 3707
18 15 93
18 24 4115
18 29 2743
19 23 1011
19 2 2279
19 5 4203
19 3 1129
19 17 480
19 7 3307
19 25 4714
19 9 880
19 11 1105
19 24 3606
19 20 3217
19 14 2960
19 4 2149
19 18 3201
19 12 2784
19 22 3404
20 15 3835
20 18 2325
20 26 449
20 16 2486
20 9 955
20 8 817
20 10 4230
20 7 2850
20 29 2296
20 27 1002
20 13 3483
20 19 2101
20 3 4951
20 28 642
20 17 2854
20 25 3284
20 12 3828
20 1 2749
20 4 2410
20 23 2392
21 1 1042
22 7 1190
23 14 3909
23 4 2383
23 7 1526
23 22 1901
23 21 1908
23 29 648
23 3 2387
23 2 2003
23 26 2956
23 28 4490
23 5 945
24 18 2183
24 3 1657
25 4 2693
25 8 3909
25 21 833
26 18 3690
26 15 57
26 5 780
26 12 1227
26 21 4899
26 13 3513
26 8 2139
26 23 2620
26 6 4343
26 9 2357
26 24 3325
26 2 3631
26 29 437
26 27 279
26 11 3548
26 20 4564
26 4 1422
26 3 2623
27 10 2567
27 11 2786
27 16 4950
27 22 4452
27 15 2481
27 26 4337
27 25 2896
27 21 38
27 18 857
27 12 287
27 14 2104
27 23 4914
27 17 641
27 6 4480
28 4 1696
28 21 1632
28 5 3972
28 13 4665
28 6 1389
28 15 3227
28 12 444
29 2 1934
29 14 1238
29 21 4411
29 29 1828
29 22 1018
29 13 225
29 24 2134
29 6 3829
0 1 2163
0 2 4796
0 3 88
0 4 381
0 5 1184
0 6 1142
0 7 4959
0 8 4781
0 9 1585
0 10 4824
0 11 2248
0 12 3518
0 13 1503
0 14 3485
0 15 3907
0 16 2265
0 17 1882
0 18 2821
0 19 2941
1 30 3726
2 30 310
3 30 588
4 30 303
5 30 2159
6 30 4073
7 30 2499
8 30 2055
9 30 913
10 30 2679
11 30 3830
12 30 3075
13 30 2475
14 30 3918
15 30 4808
