46 585
1 35 177
1 30 2966
1 7 4770
1 28 1208
1 33 2578
1 40 4341
1 37 2141
1 12 3832
1 42 2509
1 29 4311
1 41 1424
1 27 82
1 34 1567
1 44 2390
1 11 2089
1 19 4315
1 18 565
1 17 1739
1 32 3699
1 15 4765
1 25 959
1 14 4237
2 33 2979
2 23 4436
2 29 3803
2 6 3619
2 16 2940
2 8 2452
2 7 181
2 41 3597
3 18 1377
3 35 2765
3 17 2272
3 7 2123
3 32 2277
3 19 4486
3 43 14
3 10 2794
3 31 2408
3 33 1247
3 28 2132
3 34 2469
3 27 1423
3 20 4941
3 36 1103
3 25 3344
3 2 4131
3 14 1233
3 3 2103
3 23 1016
3 39 3908
3 40 1307
3 24 4423
4 24 2767
4 42 4738
4 6 2497
4 32 1788
4 34 3038
4 16 2436
4 14 2068
4 33 4363
4 7 1643
4 26 1048
4 35 1237
4 3 663
4 31 2859
4 37 2655
4 27 857
4 20 4414
5 29 2451
5 16 84
5 8 2966
5 25 975
5 34 2455
5 9 3032
5 32 1720
5 10 420
5 27 3488
5 30 4127
5 39 1609
5 13 3964
5 12 3679
5 44 1308
5 43 1661
6 28 1044
6 41 4755
6 9 1540
6 10 1369
6 19 1407
6 16 31
6 43 4350
6 14 1350
6 42 156
7 38 1779
7 23 581
7 43 512
7 20 834
7 28 4722
7 6 3171
7 11 2058
8 43 690
8 13 1349
8 29 4124
8 4 4120
8 42 2774
8 17 3215
8 11 3002
8 10 4567
8 28 1500
8 26 3152
8 22 3653
8 35 2123
8 40 2840
8 24 4806
8 33 4371
8 5 52
8 14 1514
8 8 4652
8 20 801
8 2 235
8 18 3589
8 39 2856
8 38 4737
9 42 1141
9 14 1375
9 17 1619
9 26 4968
9 38 868
9 13 1544
9 29 3197
9 35 3460
9 19 1552
9 7 4144
10 43 4615
10 23 4367
10 24 3996
10 27 3123
10 33 1595
10 32 3879
10 8 1699
10 40 3641
10 12 4552
10 13 3960
10 16 93
10 22 4968
10 15 4417
10 26 3142
10 4 402
10 34 4489
10 36 1684
10 11 2165
10 20 10
10 5 4411
10 44 3310
11 3 2085
11 14 1925
11 38 389
11 42 173
11 19 4287
11 15 1408
11 7 1520
11 12 3641
11 35 2121
11 8 1732
11 36 4356
11 24 1495
11 13 3345
11 34 1101
11 6 4951
11 9 917
11 40 2028
11 28 3574
11 21 2217
11 44 802
11 20 4443
11 1 1767
12 9 3780
12 19 3999
12 33 3588
12 30 3035
12 13 2934
12 27 3705
12 14 1018
12 1 3251
12 21 4538
12 20 472
13 40 1266
13 9 1154
13 8 1289
13 21 1986
13 28 353
13 5 589
13 3 3362
13 6 2377
13 10 4551
13 23 2262
13 22 2793
13 7 392
13 31 3642
13 27 4530
13 44 1254
13 43 1871
13 30 4979
13 33 4181
13 12 3325
13 36 1370
13 4 1078
14 31 607
14 16 4820
14 29 4867
14 21 4559
14 41 4833
14 3 2880
14 17 4860
14 44 3811
14 2 4449
14 34 1398
14 12 1598
14 40 3384
14 27 2171
15 30 3248
15 28 2268
15 42 3231
15 40 2960
15 8 1158
15 14 120
15 20 2381
15 9 2246
15 35 4710
15 25 2917
15 27 679
15 16 1884
15 44 483
15 26 4017
15 12 3729
15 18 1749
15 10 2284
15 6 2200
16 6 116
16 24 3841
16 38 4734
16 1 2541
16 11 1099
16 16 1986
16 27 3884
16 25 4016
17 26 4215
17 22 1463
17 30 4357
17 28 3731
17 7 25
17 15 2397
17 19 1946
17 29 4679
17 34 1557
17 20 689
17 5 1245
17 31 457
17 42 2820
17 11 4068
18 32 215
18 5 3415
18 31 4343
18 23 3938
18 40 3011
18 21 1704
18 3 4767
18 10 2592
18 29 3910
18 33 4476
18 28 1125
18 7 663
18 14 4611
18 25 2143
18 20 4960
18 36 127
19 34 3895
19 9 273
19 8 1074
19 10 3453
19 29 2301
19 11 2631
19 18 3548
19 22 400
19 4 4936
19 31 3803
19 44 2206
19 17 1714
19 26 667
19 7 987
19 21 1717
19 15 4827
19 20 160
19 6 459
19 35 105
19 27 2695
20 19 4408
20 11 239
20 10 1715
20 1 3412
20 22 2111
20 38 1720
20 18 1847
20 33 4302
20 25 1515
20 9 724
20 28 2727
20 26 3196
20 27 55
20 6 2121
20 2 3472
20 15 2724
20 31 760
20 17 757
20 35 4931
20 43 4520
20 41 2967
20 13 3765
21 16 171
21 1 2504
21 8 900
22 20 3914
22 16 2266
22 14 1470
22 32 2900
22 24 1234
22 6 3960
22 39 3724
22 8 1647
22 36 2579
22 42 4011
23 6 1390
23 22 3842
23 33 2387
23 2 2210
23 24 3695
23 21 2664
23 23 4272
23 14 1633
23 3 4233
23 18 2099
23 39 190
23 17 4524
23 19 743
23 34 3396
23 37 571
23 30 2077
23 41 4463
24 41 3157
24 11 1736
25 11 4406
25 33 1480
25 7 3604
25 1 3856
25 18 899
25 5 2647
25 12 778
25 20 1971
25 26 1356
25 13 4931
25 17 423
26 13 3589
26 16 1447
26 44 3414
26 39 3951
26 36 3218
26 19 1011
26 40 2917
26 21 3537
26 18 2591
27 44 285
27 24 3652
27 39 3900
27 17 2312
27 14 2773
27 9 362
27 1 194
27 21 2036
27 5 3194
28 39 3465
28 23 4766
28 21 3664
28 2 1875
29 14 1634
29 30 3825
29 2 4457
29 24 2138
29 8 3397
29 6 683
29 33 743
29 3 2373
29 10 4231
29 22 382
29 9 1341
29 4 2321
29 40 635
29 41 714
29 17 4726
29 35 65
30 38 2437
30 29 2572
30 19 1776
30 41 1088
30 5 3868
30 22 2833
30 32 4598
30 20 3357
30 34 1238
31 18 690
31 38 2930
31 19 527
31 11 4475
31 2 3028
31 43 4718
32 26 1230
32 13 170
32 17 3079
32 30 28
32 4 4652
32 28 2951
32 16 3782
32 38 4441
32 23 2632
32 39 2070
32 40 1910
32 12 1286
33 10 2355
33 38 4164
33 28 2546
33 17 1385
33 16 2335
33 24 4652
33 30 3088
33 44 1790
33 8 1142
33 27 73
33 32 650
33 31 2625
33 36 1075
33 12 3838
33 33 3364
33 7 37
34 42 2371
34 20 133
34 32 3303
34 7 1109
34 2 876
34 3 1812
34 19 4544
34 11 4983
34 1 2854
34 35 407
34 10 2044
34 39 1106
34 36 2784
34 31 3368
34 14 181
34 4 1414
35 26 4577
35 13 385
35 11 4324
35 38 4689
36 16 3482
36 9 3015
36 3 3672
36 1 3255
36 24 2961
36 39 333
36 29 2552
36 5 2224
36 33 1246
36 12 521
36 18 1416
36 17 692
36 20 2188
36 10 818
37 33 3778
37 19 4529
37 4 3924
37 8 4164
37 20 4524
37 27 4012
37 17 4303
37 9 2497
37 12 1309
37 11 161
37 24 1363
37 25 493
37 32 2454
37 41 2309
37 21 2943
37 18 3172
37 23 4025
37 15 1197
38 32 499
39 40 2040
39 26 3927
40 13 4087
40 11 3014
40 10 4413
40 43 982
40 24 4600
40 14 1605
40 27 1239
40 37 1562
40 32 92
40 4 412
40 16 305
40 12 1458
40 42 4247
40 9 2454
40 5 2855
40 8 2915
40 40 2100
40 29 348
40 2 1065
40 36 3891
40 38 4256
41 18 2433
41 12 4236
41 28 466
41 35 2650
42 21 215
42 19 1182
42 32 4450
42 22 17
42 17 4542
42 38 742
42 7 273
42 20 878
42 18 823
42 30 1572
42 4 214
43 27 2061
43 21 257
43 6 764
43 37 1277
43 34 4939
43 12 4635
43 24 1576
44 33 494
44 9 4719
44 22 600
44 36 1915
44 35 363
44 1 4204
44 15 1893
44 18 3885
44 7 2830
44 25 4428
44 28 2064
44 12 1520
44 5 3122
44 39 1884
44 37 4655
44 40 2265
44 27 3472
44 23 1621
44 13 1794
0 1 1361
0 2 1221
0 3 1018
0 4 3425
0 5 4404
0 6 3889
0 7 2025
0 8 3878
0 9 1967
0 10 3908
0 11 1570
0 12 2973
0 13 2926
0 14 4727
0 15 4472
0 16 1173
0 17 3955
0 18 1736
0 19 19
0 20 2426
0 21 3618
0 22 2991
1 45 701
2 45 166
3 45 139
4 45 4675
